1.2238989158831703
1.1878881622863324
0.9963444070199823
1.1298575539863422
1.2294947928315922
1.1286046377274905
1.0882844753555938
0.9902047901823138
1.1530551158986286
1.1610878904716904
1.0599259459509422
1.1952904335348795
1.0979546417771548
1.10934233963191
1.310193811960658
1.0381556070743923
1.1015244711308052
1.0963646501506694
1.0296802568758907
1.1037461431869198
1.003541242749893
1.069208275828428
1.1512322200581429
1.0625956893381414
1.1627832257562025
1.1565760973667059
1.0277936308909488
1.0203659166201113
1.1054990751239913
1.0918466169293195
1.0259937347761925
1.0914089815005188
1.0157967620050774
1.1501878959543956
1.1691131420440026
1.1450642688513164
1.2658253055220536
1.0477128880566469
1.0104634464442541
1.1659262321862391
1.0151705895562577
1.0931538061041548
1.041621558292646
1.112585884370281
1.1582789944568623
1.1306589893509007
1.016294134047816
1.0363280800981898
1.0558947394982134
1.086025020706245
1.2127889228963133
1.0335438291141792
